57
549
0
9
123
0
152
52
1
0
103
119
0
0
0
52
1
61
79
79
98
105
115
115
0
0
0
63
52
52
63
74
102
105
115
172
159
374
0
0
0
0
0
0
0
0
65
37
74
74
102
176
201
166
166
0
0
0
0
0
0
0
0
0
0
0
0
65
37
74
74
142
217
250
216
216
0
0
0
0
0
0
0
0
0
0
0
61
61
105
137
156
134
134
216
119
126
203
0
0
0
0
0
0
0
0
0
0
113
105
354
294
156
134
110
99
241
241
90
0
0
0
31
71
354
294
294
276
136
100
97
97
41
235
255
255
202
0
128
31
71
69
69
515
484
126
126
56
97
41
143
143
320
665
210
392
392
302
302
203
376
154
153
153
181
151
148
113
23
131
120
250
465
465
126
56
0
92
92
142
401
449
758
210
392
315
205
205
0
376
154
154
144
134
0
0
1
119
119
134
181
171
169
169
113
898
113
691
310
310
465
134
271
276
276
115
168
472
633
449
758
100
120
0
0
210
171
311
311
84
86
223
192
0
51
54
0
1
19
256
5
5
195
228
253
169
169
141
733
94
94
1184
207
310
310
82
265
381
119
119
136
261
472
633
633
426
667
113
358
358
0
104
0
338
0
256
224
245
319
319
139
120
223
192
192
98
0
55
72
71
787
89
33
86
86
94
281
228
228
253
184
93
65
65
879
329
178
381
381
142
136
261
1051
1051
949
854
434
434
487
358
0
0
98
100
102
102
107
0
338
236
382
188
188
69
61
120
114
114
97
99
98
91
91
55
72
77
95
95
417
394
427
281
281
220
385
173
80
80
74
179
226
290
290
381
142
215
302
302
487
640
632
632
434
487
391
877
877
0
67
81
81
98
101
0
0
0
221
283
259
220
220
285
69
61
113
113
99
47
91
86
86
91
0
0
125
7
205
205
726
394
427
384
384
893
1304
808
206
206
74
63
250
642
290
290
419
223
262
262
224
318
240
632
632
1003
908
372
527
527
72
81
81
98
101
104
778
778
899
223
135
133
220
285
200
133
101
101
82
85
79
91
86
85
88
94
94
77
30
30
205
726
669
1078
1078
1310
1280
393
1151
808
206
43
636
123
210
438
642
642
185
207
115
115
147
85
318
240
240
314
390
964
278
278
107
28
0
0
0
0
81
78
95
99
99
170
126
90
135
135
133
135
270
270
243
110
86
85
85
79
84
77
81
81
68
53
0
90
77
30
69
1189
305
305
2156
743
982
393
393
1151
1256
422
377
377
369
1566
210
210
438
494
265
87
87
89
5899
85
142
142
149
203
216
55
55
87
107
179
0
0
0
0
167
171
72
60
71
174
116
90
90
125
216
159
159
91
170
110
86
86
63
69
69
72
72
71
68
53
52
52
90
90
555
1154
247
643
643
883
743
982
919
919
1596
562
734
707
707
369
1566
507
507
359
1173
13
75
75
89
5899
7
215
215
4
94
247
151
55
87
83
373
309
166
152
0
0
174
116
116
137
120
503
3
3
91
170
50
93
93
76
67
67
71
72
71
63
53
56
56
49
45
9
9
78
150
185
2331
2331
533
883
535
673
673
535
2709
1377
1377
734
707
632
740
740
542
621
288
41
75
3
63
260
260
415
0
76
247
247
151
212
163
163
253
108
291
426
426
157
169
168
169
169
170
152
80
80
80
15
238
103
103
3
137
159
94
94
71
72
68
67
67
71
71
58
57
57
59
54
45
45
45
88
0
80
651
144
240
240
2331
533
529
589
589
552
236
643
643
1377
318
271
201
201
192
328
0
30
51
76
76
38
15
76
76
110
167
259
259
312
363
108
291
291
309
324
357
234
234
165
170
142
0
0
0
36
41
48
72
238
103
183
143
46
46
82
88
75
68
68
66
69
34
63
63
61
59
54
54
45
19
23
35
35
0
0
0
0
51
52
151
151
113
8
165
240
240
266
325
237
258
258
393
643
643
230
1328
739
5
5
8
0
0
0
0
38
15
0
69
85
187
17
17
312
363
359
509
509
232
65
168
236
234
165
2
145
102
102
37
25
25
203
28
48
72
72
99
88
97
72
72
71
88
75
68
68
67
67
76
76
67
61
58
85
85
46
43
41
34
35
35
0
137
49
49
0
34
8
165
165
109
86
61
61
75
91
393
0
240
591
475
0
0
0
0
191
125
187
187
17
580
901
306
306
367
311
188
168
168
236
173
150
0
0
0
46
35
35
22
17
28
40
40
143
81
126
125
125
72
71
40
40
69
72
68
72
72
76
67
61
59
59
54
51
44
41
41
34
32
32
19
19
29
29
34
45
53
23
25
0
91
83
137
148
0
49
79
99
125
187
214
271
278
278
555
522
311
188
188
153
1682
272
272
466
0
0
0
88
83
0
22
17
67
67
6
162
58
137
137
125
86
67
67
76
70
69
68
68
72
140
78
68
68
61
55
52
44
44
42
41
33
32
32
30
0
21
19
11
11
32
32
35
101
101
0
0
79
99
206
211
370
370
369
374
522
278
278
167
185
141
141
101
258
0
111
110
20
24
24
22
5
43
55
58
137
77
73
73
66
64
65
69
69
68
63
83
81
81
78
69
55
52
52
32
43
42
31
31
33
30
30
30
28
31
11
7
7
0
0
9
13
13
16
0
101
101
117
144
96
132
200
212
228
228
369
374
389
389
295
544
337
425
425
101
258
122
41
83
142
142
0
0
54
27
27
24
5
43
43
55
108
109
86
86
26
72
65
63
63
75
79
84
86
86
78
69
63
54
54
51
44
43
43
31
33
31
29
29
29
4
40
0
0
0
0
8
5
7
7
7
2
4
86
86
8
11
0
66
4
0
63
0
92
117
25
212
228
284
221
221
315
227
186
316
337
425
440
406
160
160
67
83
74
105
98
63
63
79
24
5
5
56
69
183
100
100
84
26
72
81
81
67
79
89
88
88
86
79
54
54
54
54
51
41
44
43
31
33
33
33
32
33
38
40
40
41
0
30
15
10
5
5
6
1
1
6
6
6
11
39
38
38
50
0
69
69
0
117
25
109
443
443
224
257
332
186
186
316
415
248
170
170
134
112
157
0
0
0
122
235
235
145
122
79
38
38
64
59
127
128
128
100
84
80
73
73
85
77
77
91
89
88
114
55
55
50
132
42
51
51
41
43
48
36
36
33
34
33
38
38
41
42
29
19
21
59
15
10
7
7
6
25
1
1
6
7
31
38
48
46
59
65
69
69
0
99
0
138
529
129
118
118
122
257
332
336
336
555
283
295
97
97
134
112
83
97
97
100
238
92
92
145
122
70
52
52
447
498
133
128
128
92
121
93
101
101
81
92
77
77
91
64
54
53
53
48
42
42
37
37
36
46
40
29
29
33
34
35
40
40
43
38
38
38
0
15
22
22
21
59
22
12
12
10
0
6
0
0
14
18
0
31
32
33
34
34
38
56
59
65
95
101
0
116
119
109
109
100
122
252
280
280
258
432
290
113
295
97
93
105
105
88
84
82
110
238
92
112
65
165
165
146
401
859
133
133
159
163
81
82
82
92
81
92
92
92
85
65
147
147
48
48
42
56
56
67
27
27
23
23
29
27
28
37
37
99
42
49
38
38
30
31
40
15
22
7
22
3
3
0
18
0
18
18
20
24
5
5
38
50
56
188
188
88
133
133
150
0
94
109
100
98
155
155
256
263
227
232
290
113
221
122
122
80
73
41
82
82
110
103
59
74
74
95
50
401
859
859
236
18
124
33
33
498
92
85
85
86
89
57
60
60
147
48
45
42
42
30
27
21
35
27
23
83
23
23
23
31
36
42
42
49
34
35
33
40
40
480
26
983
26
26
25
18
0
225
225
24
32
42
42
38
50
0
72
72
75
91
131
133
139
142
163
54
0
94
1
96
101
49
49
120
235
227
227
232
456
140
121
121
119
73
41
81
81
78
99
69
69
69
95
50
396
241
241
643
221
103
103
33
498
141
139
139
89
89
67
60
60
48
47
100
40
40
28
19
21
35
35
22
28
23
23
24
25
36
51
51
45
35
37
34
34
15
32
32
8
9
25
99
10
27
42
32
42
40
57
57
70
78
104
32
91
131
130
140
0
0
130
0
127
120
235
235
228
181
179
142
142
95
119
68
73
73
72
109
57
33
69
69
66
97
148
148
150
727
579
221
103
53
129
121
121
119
120
118
67
67
51
95
45
41
41
1
28
19
19
17
15
17
21
21
60
24
25
37
37
52
43
34
34
37
34
0
51
8
36
39
27
42
56
51
51
59
71
73
104
104
32
0
0
677
127
111
111
132
152
164
143
143
142
95
69
73
73
67
34
58
39
57
33
55
67
67
72
20
96
727
727
579
829
443
148
148
134
108
120
118
118
65
58
46
44
44
40
1
8
8
19
15
14
12
12
21
60
23
27
27
39
52
44
57
34
34
87
43
3
0
51
90
39
39
38
39
51
49
49
63
71
73
103
103
105
359
0
101
85
85
0
0
100
88
88
118
151
144
143
143
217
123
87
75
75
76
53
58
39
39
62
37
52
52
55
20
96
129
129
338
2
713
160
160
134
108
135
119
119
83
62
59
59
44
40
27
20
20
15
11
8
12
12
15
28
17
27
27
39
40
44
57
57
43
39
37
37
0
3
63
63
0
44
65
57
65
65
0
63
76
74
74
32
111
112
0
97
88
88
85
24
91
72
72
72
121
132
144
144
141
240
145
143
143
43
76
53
53
143
46
34
50
50
48
55
84
74
74
103
184
170
162
713
160
148
119
101
101
103
77
54
62
59
32
30
27
27
18
9
8
8
8
1
2
21
17
17
14
39
40
49
49
64
43
39
39
37
32
0
0
709
48
47
48
57
46
75
75
65
0
0
0
112
123
97
97
97
88
85
82
84
84
66
62
121
132
132
147
132
21
256
256
145
43
48
48
36
49
47
48
48
50
48
56
87
87
100
87
135
169
170
162
160
160
127
127
110
103
77
77
54
53
31
28
28
19
14
9
8
8
8
12
11
11
11
17
14
89
25
25
52
52
109
109
39
37
32
30
30
1
89
65
291
33
57
8
46
75
74
128
97
78
72
59
64
64
78
66
62
92
92
107
117
134
142
142
256
145
92
92
76
59
46
19
47
48
50
110
57
57
35
99
71
135
135
169
162
202
138
138
127
110
103
103
52
67
69
31
31
21
19
14
9
9
8
6
9
9
9
11
13
14
21
21
25
32
44
52
109
39
33
9
9
31
30
25
0
0
90
0
71
57
8
8
69
76
0
89
63
49
108
61
64
78
71
78
89
89
109
116
167
134
142
96
99
86
86
55
52
33
19
19
47
41
53
50
50
63
99
71
132
132
131
160
162
162
150
127
110
108
108
71
49
49
15
31
21
12
10
9
9
4
4
5
9
9
2
9
47
47
17
24
32
44
44
42
34
29
24
24
24
30
25
20
20
68
0
0
71
71
71
51
47
0
90
90
108
61
73
95
95
71
83
101
116
116
167
104
88
96
96
76
57
52
33
33
34
34
41
38
38
41
63
113
113
71
82
129
131
131
162
150
139
135
135
108
71
49
46
49
15
11
9
7
7
5
4
4
4
5
5
2
9
9
10
17
24
146
146
45
48
34
29
29
24
24
34
20
20
23
23
17
0
0
345
345
60
23
89
89
90
138
92
92
71
82
74
101
101
92
92
84
94
94
80
76
57
35
35
35
69
35
37
37
38
41
52
52
74
61
77
105
129
131
126
128
123
123
135
108
74
49
49
46
11
9
8
8
7
4
4
3
3
5
5
6
6
7
10
17
18
18
29
35
49
38
38
29
26
21
21
21
20
23
18
23
17
70
78
78
60
65
74
89
101
0
74
70
70
74
82
74
89
89
79
73
42
71
94
80
73
44
37
37
33
33
33
35
37
39
41
49
49
79
89
81
105
105
121
124
116
120
120
134
108
74
49
49
30
15
9
9
6
7
4
3
3
3
4
5
6
6
7
8
17
21
21
38
41
12
49
38
135
22
21
21
21
22
23
18
18
21
16
10
1038
0
108
41
65
65
74
81
0
80
70
74
76
88
88
82
82
73
72
42
71
52
33
20
20
35
34
33
33
33
35
45
45
45
49
50
89
81
81
87
114
115
108
108
120
134
118
74
0
9
6
4
4
4
3
3
5
5
5
6
6
2
13
13
20
21
41
41
12
39
37
32
32
19
20
22
20
20
19
22
22
6
6
122
101
101
107
107
0
5
108
41
41
58
87
94
0
80
90
79
82
82
88
85
82
73
73
72
67
66
96
96
45
58
34
34
2
38
39
43
43
46
49
50
88
88
66
87
98
114
114
108
105
0
6
6
3
3
3
2
2
5
5
5
6
11
11
11
11
20
21
21
21
48
46
41
41
31
19
20
28
28
22
24
19
19
22
6
0
116
203
73
73
71
0
50
252
5
65
67
67
58
77
74
0
90
90
92
94
94
95
85
82
80
80
69
78
48
48
46
45
58
34
34
35
39
43
44
43
46
50
50
58
58
50
82
87
98
114
105
107
0
5
4
3
3
3
2
2
2
2
4
5
6
6
2
11
12
20
20
21
32
31
30
41
31
67
25
23
23
18
19
83
19
19
19
24
22
22
0
83
74
70
70
73
71
0
0
358
392
25
25
252
0
73
69
69
62
40
34
59
0
101
101
102
107
108
103
103
94
95
83
81
81
65
67
65
65
48
46
43
37
37
35
39
39
43
43
44
45
50
51
51
48
50
82
82
87
99
99
98
98
3
2
2
3
3
2
2
3
3
1
5
5
6
2
11
15
15
49
17
94
31
31
30
4
31
27
27
26
23
19
19
83
19
22
22
22
4
24
26
0
276
0
70
48
12
12
72
63
73
106
392
25
86
95
52
52
70
45
37
34
34
59
107
107
78
53
103
104
104
103
104
88
88
43
41
45
42
39
39
43
45
45
44
44
55
45
50
50
49
62
61
52
52
33
2
2
2
2
2
2
2
2
2
3
1
5
6
6
7
7
11
13
16
94
94
30
30
36
10
10
23
26
23
19
19
19
21
23
23
23
4
24
31
31
29
103
0
58
67
65
99
73
106
135
91
96
96
55
50
45
45
37
16
133
125
94
103
103
104
105
109
109
90
85
0
0
45
42
42
40
42
38
36
36
42
55
45
45
45
59
59
48
48
52
33
9
4
3
2
2
2
2
2
2
2
2
3
3
3
5
7
7
8
9
13
16
16
108
25
25
26
26
10
23
23
22
22
22
22
21
21
23
23
26
29
29
35
33
33
0
0
58
50
65
99
99
96
147
127
116
116
55
50
37
37
0
388
94
94
103
103
97
98
98
89
85
0
43
43
41
39
35
35
36
42
176
33
33
46
46
50
48
48
35
34
0
12
10
9
4
4
2
2
2
2
2
2
2
2
3
3
4
4
6
6
8
9
11
90
90
25
29
40
40
26
28
26
25
25
30
16
26
21
21
25
27
30
34
34
32
33
33
40
40
39
33
0
58
50
0
547
88
143
161
161
116
61
62
62
118
24
388
99
85
106
105
105
104
89
85
0
0
27
39
35
31
32
34
34
47
43
44
50
50
48
30
19
18
17
12
10
10
8
5
3
2
2
2
2
2
2
2
2
4
4
4
4
6
6
11
17
17
1
33
43
29
40
32
31
27
27
26
29
16
26
26
27
20
29
32
32
39
32
33
33
40
40
40
35
35
0
84
2
2
62
70
89
89
143
161
110
108
108
84
100
108
0
104
93
93
93
29
0
43
44
44
35
35
30
29
29
18
17
10
10
11
7
6
5
5
3
2
1
2
2
2
2
2
4
4
4
5
6
11
11
19
26
33
33
43
36
32
86
86
37
36
29
7
7
38
39
33
56
56
32
39
32
41
41
41
47
21
21
35
23
130
31
37
0
0
47
66
89
89
147
133
101
101
88
76
0
16
16
0
0
98
98
98
42
43
43
35
34
30
30
29
18
17
10
10
9
5
5
5
5
2
2
2
2
2
2
2
2
4
4
6
6
8
8
9
19
26
43
43
48
41
46
14
14
37
36
38
32
32
39
40
44
33
56
39
39
55
55
40
48
64
21
21
44
43
0
47
66
66
81
313
174
140
88
76
73
73
59
41
26
5
5
0
0
36
105
110
109
109
41
41
43
34
34
30
28
17
15
15
13
8
7
5
5
5
2
2
2
2
1
2
2
2
2
4
6
1
1
8
9
18
28
28
50
52
56
54
46
14
47
46
45
45
39
40
88
40
44
48
41
54
54
58
59
48
64
64
63
55
45
51
51
54
145
92
94
174
140
130
162
162
72
42
48
25
26
5
15
101
100
109
109
109
41
33
43
34
23
29
15
15
14
13
8
7
7
5
4
2
2
2
2
1
2
2
2
2
3
4
4
1
8
14
33
33
31
34
56
56
56
54
81
77
57
57
53
72
40
40
88
45
54
69
69
52
58
59
67
67
66
68
56
8
36
68
79
80
0
462
229
153
275
275
130
1020
48
48
25
8
0
0
0
120
120
101
100
100
100
100
146
41
33
33
30
21
25
15
15
14
13
8
7
7
6
4
3
3
2
2
2
2
0
0
2
3
4
4
6
9
19
29
29
16
36
56
59
59
82
163
129
129
71
53
72
53
53
51
50
69
146
146
52
69
62
62
62
67
70
64
56
34
61
79
80
22
119
128
128
152
140
1020
1020
0
28
22
6
6
18
0
33
37
0
120
39
95
56
56
98
37
39
30
30
25
25
15
14
13
8
8
7
9
4
4
3
3
2
2
2
2
2
2
3
3
2
6
7
13
13
19
16
36
58
58
272
89
97
97
129
71
70
35
35
41
68
61
102
69
146
75
71
70
70
73
67
70
70
64
61
79
79
8
97
45
45
81
125
152
140
140
72
46
23
53
53
16
18
0
17
60
34
0
101
96
88
88
0
39
105
31
30
30
25
16
14
13
13
12
10
9
9
4
4
3
2
2
2
2
2
2
2
3
4
5
8
8
13
19
34
37
37
57
63
89
89
97
93
79
71
71
81
66
65
61
61
102
72
69
78
78
115
75
67
67
69
90
0
96
92
92
91
91
151
81
125
138
138
138
121
62
71
71
53
16
15
0
0
19
34
34
30
398
398
103
84
19
85
39
31
31
30
26
24
14
14
13
12
10
10
11
0
0
4
4
4
3
3
3
3
2
3
4
4
4
8
15
16
24
24
39
61
91
63
89
100
203
100
100
83
66
66
65
65
63
66
71
79
79
86
115
75
75
74
72
71
0
82
111
106
138
91
151
134
186
164
164
149
132
108
71
71
33
27
21
14
19
19
24
1438
44
109
109
103
84
27
85
39
31
31
31
26
24
24
4
13
12
1
1
12
0
0
4
4
4
3
3
3
3
3
5
6
4
4
9
8
16
16
24
25
61
91
91
255
86
105
95
95
91
66
72
62
62
62
66
74
74
79
86
94
100
100
85
80
78
89
104
86
0
106
138
620
200
146
146
235
175
132
108
108
58
43
35
531
531
32
14
22
22
0
318
104
44
109
108
0
46
27
86
86
39
40
37
70
70
24
4
13
15
15
13
10
7
0
0
4
4
4
5
5
5
5
5
5
6
6
10
10
10
9
24
25
56
56
85
86
86
98
98
95
91
76
62
62
55
58
54
66
74
75
83
153
153
95
75
81
78
78
95
91
86
86
193
1647
239
239
273
286
175
123
123
119
30
1021
1021
65
531
32
26
26
5
12
7
318
318
62
0
46
38
38
30
38
41
39
37
70
25
16
17
17
16
23
16
7
7
0
0
0
0
0
5
5
5
5
5
8
9
10
10
10
9
25
38
38
53
85
84
89
86
98
95
81
66
66
60
55
54
58
54
69
71
78
78
89
87
75
81
81
77
95
91
364
65
218
560
560
273
286
419
161
161
145
90
90
1021
65
49
56
42
42
30
35
36
0
57
57
139
138
19
24
24
28
106
44
39
39
27
31
20
20
20
22
23
16
10
10
7
7
7
7
7
5
5
5
5
7
7
8
14
10
10
10
19
36
36
40
57
84
84
89
97
90
79
79
65
59
55
54
54
67
68
75
77
77
89
87
85
93
93
88
171
0
236
560
288
315
315
284
270
141
185
90
90
69
64
55
55
62
45
35
36
36
20
21
379
39
0
17
24
27
106
44
44
34
44
30
31
31
20
22
25
23
23
14
10
7
7
7
7
6
6
6
6
8
7
8
8
14
16
15
22
22
20
30
57
57
88
89
95
89
89
61
65
59
34
34
59
66
29
71
71
77
70
83
84
84
92
123
0
177
0
102
102
293
275
288
141
141
185
126
103
65
65
70
53
45
26
26
25
28
23
4
412
13
24
27
32
32
34
36
43
45
45
31
26
26
24
24
24
16
15
10
7
8
9
9
9
9
11
9
7
7
13
14
15
15
15
23
20
30
30
54
88
88
94
94
89
61
65
59
59
56
59
65
65
29
71
72
75
74
74
82
89
123
0
0
0
276
441
275
288
288
247
234
225
135
135
504
70
53
41
41
29
30
28
28
214
4
0
18
24
24
36
39
50
46
43
45
36
38
38
24
26
26
26
16
15
12
14
10
10
10
13
11
9
9
8
1
14
15
15
15
23
30
30
28
51
53
82
82
94
81
69
65
65
60
63
48
65
65
65
65
67
113
113
74
75
89
89
276
441
325
252
252
241
293
309
231
135
504
81
77
381
381
32
31
34
28
214
12
51
2
13
219
0
81
81
30
35
35
41
45
50
50
46
49
42
39
39
43
42
26
26
26
17
20
16
22
22
10
13
12
12
12
11
15
20
20
15
23
26
35
35
25
26
51
82
82
87
80
69
65
65
70
63
48
48
64
65
65
65
65
68
74
75
56
56
326
325
325
323
318
296
309
309
231
121
110
110
78
34
49
31
31
34
35
54
660
660
112
41
219
54
54
36
43
46
45
45
58
68
62
62
62
57
43
42
38
38
31
22
30
56
16
22
22
112
20
20
0
18
17
15
20
21
36
37
37
37
31
26
51
51
52
89
79
68
68
70
70
65
65
63
64
59
64
64
65
68
69
51
51
53
0
571
353
718
296
296
346
254
168
168
117
109
34
49
49
55
113
51
51
51
55
112
41
54
54
70
43
46
46
51
66
84
85
85
62
57
66
41
41
94
89
91
96
30
56
40
38
37
37
34
31
18
18
17
27
28
31
31
31
34
31
24
24
26
51
50
79
79
68
70
73
65
65
59
57
60
59
64
65
68
69
69
49
32
0
318
353
718
718
351
353
214
207
207
117
109
55
49
49
53
37
51
51
51
55
55
39
312
312
71
18
18
54
70
163
85
85
80
89
90
88
88
83
92
91
91
96
58
60
42
42
93
34
31
30
30
32
29
29
29
29
31
34
40
28
28
25
47
45
50
79
72
74
73
73
59
59
57
60
60
60
61
68
46
46
30
32
0
318
64
64
435
464
276
268
268
207
198
90
87
87
16
61
58
52
52
52
53
57
53
53
62
0
0
0
0
163
84
94
90
90
90
87
83
92
92
87
96
100
63
63
122
93
58
35
35
33
35
32
31
29
29
39
40
41
41
34
33
47
47
45
72
66
74
74
73
59
59
60
60
57
57
60
60
60
46
30
28
28
1226
1226
458
462
381
282
276
268
192
130
125
125
89
98
71
58
58
52
52
53
53
96
88
0
80
64
0
85
91
89
89
83
87
75
75
92
84
91
98
98
63
122
60
41
41
38
36
38
32
32
31
31
31
39
39
40
38
33
33
34
44
41
65
65
65
73
59
58
58
56
57
57
57
60
60
65
29
27
27
530
530
541
491
381
282
282
297
193
185
135
135
105
98
71
56
56
54
61
106
106
96
88
89
89
89
97
65
0
297
95
55
55
89
83
72
75
75
82
90
87
98
98
106
107
64
143
143
41
39
38
34
34
33
33
33
33
37
40
38
35
35
33
30
40
65
65
65
65
58
56
56
56
57
57
57
57
45
44
29
29
27
174
127
0
0
926
926
578
615
491
399
399
316
299
196
168
168
135
105
111
111
107
71
102
113
113
106
131
172
180
180
134
119
131
0
96
96
95
55
88
80
72
72
71
79
90
87
87
105
113
246
110
110
62
41
39
39
42
36
36
35
35
33
37
41
39
39
35
37
30
71
40
65
59
53
57
57
54
54
57
57
57
60
44
38
38
28
27
0
174
127
127
102
253
269
408
408
734
578
615
743
743
448
312
298
272
196
168
114
86
86
79
115
119
115
102
113
125
230
289
289
247
256
119
131
131
96
96
96
88
112
73
73
63
71
79
81
81
86
97
114
112
112
110
62
61
61
64
63
39
38
38
35
34
34
38
38
43
35
35
30
30
71
59
52
52
52
52
54
54
54
56
57
41
42
42
25
28
55
139
139
204
214
173
343
343
408
734
1054
851
851
1371
819
186
186
298
272
120
102
102
57
52
65
119
119
115
191
228
332
332
286
283
256
188
0
0
0
100
63
71
46
46
110
86
97
98
98
112
0
108
108
116
65
57
56
39
38
37
36
36
36
38
39
35
35
35
29
46
67
59
59
51
52
54
54
54
56
56
41
41
42
25
27
26
137
137
142
101
214
343
343
484
790
1017
643
643
824
970
186
186
311
247
30
81
81
45
52
65
90
90
127
189
334
346
346
286
283
265
195
0
78
0
97
37
140
107
107
117
117
57
56
56
39
38
39
37
37
38
39
37
32
32
35
46
61
61
59
51
49
49
49
54
56
56
41
41
38
27
26
26
113
24
142
180
214
214
276
516
822
822
1022
706
824
970
970
8
293
146
91
91
64
45
52
65
65
75
82
240
330
334
346
237
236
236
860
1128
82
4
0
74
0
86
86
147
0
0
117
117
99
99
101
60
59
56
56
37
36
36
39
39
36
35
44
46
61
60
60
49
49
50
50
56
56
56
39
26
27
26
26
99
114
142
180
180
299
277
2603
2603
637
936
706
1192
1192
1020
438
227
90
90
91
64
57
47
47
67
58
94
240
240
330
342
297
297
296
234
671
82
82
4
172
111
0
122
120
120
105
103
100
99
59
56
39
39
36
36
40
58
35
35
44
61
59
59
59
51
49
50
56
56
56
38
26
26
26
26
99
114
110
143
143
169
254
417
417
637
936
924
764
764
368
299
166
90
90
65
60
61
99
99
100
76
94
94
240
223
230
255
255
219
234
671
1000
1000
134
9
0
121
111
111
110
109
100
100
99
99
97
53
53
53
39
58
38
38
51
64
59
59
59
51
49
50
50
51
37
26
25
26
26
25
59
97
97
100
145
152
250
254
417
587
645
647
647
467
344
306
166
166
87
87
104
166
166
101
100
76
76
87
175
128
158
158
137
219
264
1285
1285
651
190
25
0
121
123
110
109
109
106
106
99
97
97
29
53
39
60
60
81
71
70
67
59
59
59
59
51
51
51
36
26
26
25
26
25
0
61
61
97
100
158
152
152
250
324
490
542
542
648
483
344
306
306
159
126
295
23
166
101
102
102
77
64
181
122
122
158
137
155
153
153
390
4
66
25
25
123
110
110
103
205
100
100
100
97
29
91
93
93
94
88
80
73
70
67
59
59
59
51
51
52
36
36
26
25
26
25
25
0
0
0
0
0
0
0
0
101
103
76
158
158
476
208
301
394
394
482
648
483
317
317
224
200
42
42
125
23
106
103
103
105
122
64
68
181
122
114
75
80
80
117
329
17
66
66
4
129
129
107
103
102
103
103
100
99
109
105
105
94
93
90
80
80
73
72
70
63
63
60
51
52
52
36
35
25
26
26
25
0
0
0
0
0
0
0
0
101
103
76
119
119
187
81
276
320
394
482
496
383
383
425
238
395
178
42
125
2
181
128
128
118
115
64
68
68
66
65
71
87
87
75
329
117
117
102
104
103
103
102
112
104
103
103
93
93
90
90
83
81
77
72
72
63
60
60
52
52
36
26
25
24
26
25
0
0
0
0
0
0
0
0
0
0
101
214
100
100
147
160
241
245
276
320
447
379
379
372
282
194
395
395
178
172
137
133
133
132
121
115
42
42
29
37
56
62
62
87
75
15
122
106
104
103
103
107
105
105
103
93
92
92
91
90
89
82
82
72
70
69
64
64
49
35
34
25
25
24
24
0
0
0
0
0
0
0
0
0
103
111
111
142
147
153
160
241
245
553
333
333
347
347
248
194
194
210
182
5915
478
478
142
132
121
58
58
32
28
26
26
26
62
66
26
26
122
106
113
113
116
106
106
105
104
94
94
93
92
91
90
89
82
81
72
71
71
57
56
35
34
34
23
24
24
0
0
0
0
0
0
0
0
0
0
0
0
0
141
141
145
147
153
153
215
242
245
88
88
331
347
248
190
190
173
155
155
152
478
142
142
71
36
36
20
23
18
26
26
32
34
65
65
0
153
118
118
117
106
106
105
95
95
93
92
91
90
90
89
82
81
66
66
57
56
46
46
51
23
22
24
0
0
0
0
0
0
0
0
0
0
0
0
0
0
0
0
144
145
151
151
155
158
240
243
243
88
331
323
330
330
220
145
146
155
155
152
118
115
115
51
41
31
23
23
18
20
19
7
7
118
118
117
113
0
107
106
105
105
96
93
92
91
91
91
90
83
64
64
66
62
57
57
46
34
24
23
22
0
0
0
0
0
0
0
0
0
0
0
0
0
0
0
0
0
0
0
0
0
144
148
148
195
157
156
170
240
243
206
339
295
295
240
183
178
146
146
155
147
111
111
70
51
41
31
31
23
20
17
17
17
0
118
115
113
113
108
111
111
97
96
94
93
93
92
91
90
67
83
64
66
51
51
51
43
34
24
24
23
0
0
0
0
0
0
0
0
0
0
0
0
0
0
0
0
0
0
0
0
0
0
122
122
145
150
153
150
156
170
197
187
259
259
235
252
183
183
178
145
149
125
125
115
110
51
37
37
25
16
124
14
14
118
115
115
114
0
111
97
96
95
95
94
93
92
90
90
67
63
52
52
51
46
27
34
34
24
24
0
0
0
0
0
0
0
0
0
0
0
0
0
0
0
0
0
0
0
0
0
0
0
112
118
120
153
150
150
376
162
161
162
162
235
252
183
183
180
146
126
117
117
115
110
80
27
27
20
16
15
14
14
124
148
0
72
97
96
95
95
94
94
92
92
84
63
53
52
52
50
46
27
30
30
41
42
0
0
0
0
0
0
0
0
0
0
0
0
0
0
0
0
0
0
0
0
0
0
0
0
0
118
120
263
263
137
137
140
140
139
162
227
241
241
207
235
165
190
126
117
121
80
53
53
22
21
16
15
15
1
113
98
96
96
95
94
94
94
65
63
62
53
53
52
50
28
26
26
29
35
33
24
0
0
0
0
0
0
0
0
0
0
0
0
0
0
0
0
0
0
0
0
0
0
0
0
116
116
118
134
147
136
136
140
139
139
156
156
230
217
186
178
165
190
131
125
40
40
39
27
21
16
16
1
99
96
95
94
94
62
60
59
62
62
53
34
29
32
32
30
30
23
33
33
0
0
0
0
0
0
0
0
0
0
0
0
0
0
0
0
0
0
0
0
0
0
0
0
0
147
146
146
136
136
136
146
148
147
147
196
198
186
178
178
143
105
61
58
58
39
27
18
18
17
0
70
68
64
63
62
62
52
29
21
21
21
21
30
23
23
22
0
0
0
0
0
0
0
0
0
0
0
0
0
0
0
0
0
0
0
0
0
0
0
0
0
0
0
0
0
148
147
146
146
145
0
136
136
148
196
198
149
149
120
76
101
84
61
58
57
126
126
99
34
0
63
62
35
15
14
14
21
21
17
17
17
15
0
0
0
0
0
0
0
0
0
0
0
0
0
0
0
0
0
0
0
0
0
0
0
0
0
0
0
0
0
0
0
0
0
0
0
0
0
0
0
148
147
147
145
128
136
148
148
115
115
91
90
86
86
101
84
61
58
58
92
114
4
14
16
16
16
16
11
11
0
0
0
0
0
0
0
0
0
0
0
0
0
0
0
0
0
0
0
0
0
0
0
0
0
0
0
0
0
0
0
0
0
0
0
0
0
0
0
0
0
149
151
151
143
129
129
125
125
150
77
77
66
63
86
86
85
81
79
79
79
54
114
4
16
16
11
11
0
0
0
0
0
0
0
0
0
0
0
0
0
0
0
0
0
0
0
0
0
0
0
0
0
0
0
0
0
0
0
0
0
0
0
0
0
0
0
0
0
0
148
148
63
135
134
129
129
129
132
0
130
74
66
63
63
59
76
58
68
68
59
54
96
0
0
0
0
0
0
0
0
0
0
0
0
0
0
0
0
0
0
0
0
0
0
0
0
0
0
0
0
0
0
0
0
0
0
0
0
0
0
0
0
0
0
0
157
137
135
134
134
31
133
131
131
127
95
74
70
70
55
53
41
45
45
68
59
43
308
0
0
0
0
0
0
0
0
0
0
0
0
0
0
0
0
0
0
0
0
0
0
0
0
0
0
0
0
0
0
0
0
0
0
0
0
0
0
0
0
0
0
0
142
137
137
135
125
124
122
122
122
127
95
74
74
63
57
52
39
41
45
45
42
107
107
76
0
0
0
0
0
0
0
0
0
0
0
0
0
0
0
0
0
0
0
0
0
0
0
0
0
0
0
0
0
0
0
0
0
0
0
0
0
0
0
0
0
0
0
0
0
142
140
140
138
130
129
124
122
122
121
79
75
75
64
49
46
39
39
31
30
20
108
108
0
0
0
0
0
0
0
0
0
0
0
0
0
0
0
0
0
0
0
0
0
0
0
0
0
0
0
0
0
0
0
0
0
0
0
0
0
0
0
0
0
0
0
0
146
145
145
143
136
134
129
129
124
125
127
95
95
98
71
49
46
46
38
25
25
25
0
0
0
0
0
0
0
0
0
0
0
0
0
0
0
0
0
0
0
0
0
0
0
0
0
0
0
0
0
0
0
0
0
0
0
0
0
0
0
0
0
0
0
0
149
149
97
184
140
134
134
214
131
127
129
129
103
98
71
71
55
41
40
33
33
25
0
0
0
0
0
0
0
0
0
0
0
0
0
0
0
0
0
0
0
0
0
0
0
0
0
0
0
0
0
0
0
0
0
0
0
0
0
0
0
0
0
0
0
0
0
0
0
0
0
152
152
382
184
140
138
138
140
139
148
130
129
103
102
93
93
56
48
40
171
33
25
0
0
0
0
0
0
0
0
0
0
0
0
0
0
0
0
0
0
0
0
0
0
0
0
0
0
0
0
0
0
0
0
0
0
0
0
0
0
0
0
0
0
0
0
0
0
0
0
0
0
0
0
152
382
145
147
147
154
144
111
155
148
130
125
114
114
92
231
56
40
40
171
7
12
0
0
0
0
0
0
0
0
0
0
0
0
0
0
0
0
0
0
0
0
0
0
0
0
0
0
0
0
0
0
0
0
0
0
0
0
0
0
0
0
0
0
0
0
0
0
0
0
0
0
154
155
151
151
150
148
146
144
111
155
142
125
125
114
94
231
56
56
42
39
37
0
0
0
0
0
0
0
0
0
0
0
0
0
0
0
0
0
0
0
0
0
0
0
0
0
0
0
0
0
0
0
0
0
0
0
0
0
0
0
0
0
0
0
0
0
0
0
0
0
0
0
0
0
0
149
455
147
148
148
146
152
161
161
161
142
114
94
75
75
63
58
0
39
39
0
0
0
0
0
0
0
0
0
0
0
0
0
0
0
0
0
0
0
0
0
0
0
0
0
0
0
0
0
0
0
0
0
0
0
0
0
0
0
0
0
0
0
0
0
0
0
0
0
0
0
0
0
0
455
147
144
144
149
171
181
162
162
142
114
95
77
77
0
60
57
39
39
0
0
0
0
0
0
0
0
0
0
0
0
0
0
0
0
0
0
0
0
0
0
0
0
0
0
0
0
0
0
0
0
0
0
0
0
0
0
0
0
0
0
0
0
0
0
0
0
0
0
0
0
0
0
149
148
148
151
163
186
183
181
162
153
115
95
95
78
64
91
57
46
0
0
0
0
0
0
0
0
0
0
0
0
0
0
0
0
0
0
0
0
0
0
0
0
0
0
0
0
0
0
0
0
0
0
0
0
0
0
0
0
0
0
0
0
0
0
0
0
0
0
0
0
0
0
0
0
187
186
186
183
155
153
115
115
94
79
64
91
93
0
0
0
0
0
0
0
0
0
0
0
0
0
0
0
0
0
0
0
0
0
0
0
0
0
0
0
0
0
0
0
0
0
0
0
0
0
0
0
0
0
0
0
0
0
0
0
0
0
187
187
186
183
164
164
154
155
94
79
79
63
0
0
0
0
0
0
0
0
0
0
0
0
0
0
0
0
0
0
0
0
0
0
0
0
0
0
0
0
0
0
0
0
0
0
0
0
0
0
0
0
0
0
0
0
0
0
0
0
0
0
0
164
164
154
155
94
138
138
75
64
62
0
0
0
0
0
0
0
0
0
0
0
0
0
0
0
0
0
0
0
0
0
0
0
0
0
0
0
0
0
0
0
0
0
0
0
0
0
0
0
0
0
0
0
0
0
0
0
0
164
154
161
95
95
144
75
0
0
0
0
0
0
0
0
0
0
0
0
0
0
0
0
0
0
0
0
0
0
0
0
0
0
0
0
0
0
0
0
0
0
0
0
0
0
0
0
0
0
0
0
0
0
0
0
0
0
0
0
0
0
0
84
75
0
0
0
0
0
0
0
0
0
0
0
0
0
0
0
0
0
0
0
0
0
0
0
0
0
0
0
0
0
0
0
0
0
0
0
0
0
0
0
0
0
0
0
0
0
0
0
0
0
0
0
84
0
0
0
0
0
0
0
0
0
0
0
0
0
0
0
0
0
0
0
0
0
0
0
0
0
0
0
0
0
0
0
0
0
0
0
0
0
0
0
0
0
0
0
0
0
0
0
0
0
0
0
0
0
0
0
0
0
0
0
0
0
0
0
0
0
0
0
0
0
0
0
0
0
0
0
0
0
0
0
0
0
0
0
0
0
0
0
0
0
0
0
0
0
0
0
0
0
0
0
0
0
0
0
0
0
0
0
0
0
0
0
0
0
0
0
0
0
0
0
0
0
0
0
0
0
0
0
0
0
0
0
0
0
0
0
0
0
0
0
0
0
0
0
0
0
0
0
0
0
0
0
0
0
0
0
0
0
0
0
0
0
0
0
0
0
0
0
0
0
0
0
0
0
0
0
0
0
0
0
0
0
0
0
0
0
0
0
0
0
0
0
0
0
0
0
0
0
0
0
0
0
0
0
0
0
0
0
0
0
0
0
0
0
0
0
0
0
0
0
0
0
0
0
0
0
0
0
0
0
0
0
0
0
0
0
0
0
0
0
0
0
0
0
0
0
0
0
0
0
0
0
0
0
0
0
0
0
0
0
0
0
0
0
0
0
0
0
0
0
0
0
0
0
0
0
0
0
0
0
0
0
0
0
0
0
0
0
0
0
0
0
0
0
0
0
0
0
0
0
0
0
0
0
0
0
0
0
0
0
0
0
0
0
0
0
0
0
0
0
0
0
0
0
0
0
0
0
0
0
0
0
0
0
0
0
0
0
0
0
0
0
0
0
0
0
0
0
0
0
0
0
0
0
0
0
0
0
0
0
0
0
0
0
0
0
0
0
0
0
0
0
0
0
0
0
0
0
0
0
0
0
0
0
0
0
0
0
0
0
0
0
0
0
0
0
0
0
0
0
0
0
0
0
0
0
0
0
0
0
0
0
0
0
0
0
0
0
0
0
0
0
0
0
0
0
0
0
0
0
0
0
0
0
0
0
0
0
0
0
0
0
0
0
0
0
0
0
0
0
0
0
0
0
0
0
0
0
0
0
0
0
0
0
0
0
0
0
0
0
0
0
0
0
0
0
0
0
0
0
0
0
0
0
0
0
0
0
0
0
0
0
0
0
0
0
0
0
0
0
0
0
0
0
0
0
0
0
0
0
0
0
0
0
0
0
0
0
0
0
0
0
0
0
0
0
0
0
0
0
0
0
0
0
0
0
0
0
0
0
0
0
0
0
0
0
0
0
0
0
0
0
0
0
0
0
0
0
0
0
0
0
0
0
0
0
0
0
0
0
0
0
0
0
0
0
0
0
0
0
0
0
0
0
0
0
0
0
0
0
0
0
0
0
0
0
0
0
0
0
0
0
0
0
0
0
0
0
0
0
0
0
0
0
0
0
0
0
0
0
0
0
0
0
0
0
0
0
0
0
0
0
0
0
0
0
0
0
0
0
0
0
0
0
0
0
0
0
0
0
0
0
0
0
0
0
0
0
0
0
0
0
0
0
0
0
0
0
0
0
0
0
0
0
0
0
0
0
0
0
0
0
0
0
0
0
0
0
0
0
0
0
0
0
0
0
0
0
0
0
0
0
0
0
0
0
0
0
0
0
0
0
0
0
0
0
0
0
0
0
0
0
0
0
0
0
0
0
0
0
0
0
0
0
0
0
0
0
0
0
0
0
0
0
0
0
0
0
0
0
0
0
0
0
0
0
0
0
0
0
0
0
0
0
0
0
0
0
0
0
0
0
0
0
0
0
0
0
0
0
0
0
0
0
0
0
0
0
0
0
0
0
0
0
0
0
0
0
0
0
0
0
0
0
0
0
0
0
0
0
0
0
0
0
0
0
0
0
0
0
0
0
0
0
0
0
0
0
0
0
0
0
0
0
0
0
0
0
0
0
0
0
0
0
0
0
0
0
0
0
0
0
0
0
0
0
0
0
0
0
0
0
0
0
0
0
0
0
0
0
0
0
0
0
0
0
0
0
0
0
0
0
0
0
0
0
0
0
0
0
0
0
0
0
0
0
0
0
0
0
0
0
0
0
0
0
0
0
0
0
0
0
0
0
0
0
0
0
0
0
0
0
0
0
0
0
0
0
0
0
0
0
0
0
0
0
0
0
0
0
0
0
0
0
0
0
0
0
0
0
0
0
0
0
0
0
0
0
0
0
0
0
0
0
0
0
0
0
0
0
0
0
0
0
0
0
0
0
0
0
0
0
0
0
0
0
0
0
0
0
0
0
0
0
0
0
0
0
0
0
0
0
0
0
0
0
0
0
0
0
0
0
0
0
0
0
0
0
0
0
0
0
0
0
0
0
0
0
0
0
0
0
0
0
0
0
0
0
0
0
0
0
0
0
0
0
0
0
0
0
0
0
0
0
0
0
0
0
0
0
0
0
0
0
0
0
0
0
0
0
0
0
0
0
0
0
0
0
0
0
0
0
0
0
0
0
0
0
0
0
0
0
0
0
0
0
0
0
0
0
0
0
0
0
0
0
0
0
0
0
0
0
0
0
0
0
0
0
0
0
0
0
0
0
0
0
0
0
0
0
0
0
0
0
0
0
0
0
0
0
0
0
0
0
0
0
0
0
0
0
0
0
0
0
0
0
0
0
0
0
0
0
0
0
0
0
0
0
0
0
0
0
0
0
0
0
0
0
0
0
0
0
0
0
0
0
0
0
0
0
0
0
0
0
0
0
0
0
0
0
0
0
0
0
0
0
0
0
0
0
0
0
0
0
0
0
0
0
0
0
0
0
0
0
0
0
0
0
0
0
0
0
0
0
0
0
0
0
0
0
0
0
0
0
0
0
0
0
0
0
0
0
0
0
0
0
0
0
0
0
0
0
0
0
0
0
0
0
0
0
0
0
0
0
0
20
0
0
0
0
0
0
0
0
0
0
0
0
0
0
0
0
0
0
0
27
73
0
0
0
0
0
0
0
0
0
0
0
0
0
0
0
0
0
0
0
13
5
4
0
0
0
0
0
0
0
0
0
0
0
0
0
0
0
0
0
0
0
22
65
0
0
0
0
0
0
0
0
0
0
0
0
0
0
0
0
0
0
0
0
0
12
3
34
38
0
0
0
0
0
0
0
0
0
0
0
0
0
0
0
0
0
39
14
32
0
0
0
0
0
0
0
0
0
0
0
0
0
0
0
0
0
0
140
294
50
0
0
0
0
0
0
0
0
0
0
0
0
0
0
0
0
0
56
105
10
0
0
0
0
0
0
0
0
0
0
0
0
0
0
0
0
0
0
22
3
0
0
0
0
0
0
0
0
0
0
0
0
0
0
0
0
0
0
24
0
0
0
0
0
0
0
0
0
0
0
0
0
0
0
0
0
0
0
22
0
0
0
0
0
0
0
0
0
0
0
0
0
0
0
0
0
0
0
0
5
0
0
0
0
0
0
0
0
0
0
0
0
0
0
0
0
0
0
0
3
0
0
0
0
0
0
0
0
0
0
0
0
0
0
0
0
0
0
0
0
0
0
0
0
0
0
51
0
0
0
0
0
0
0
0
0
0
0
0
0
0
0
0
0
274
0
0
0
0
0
0
0
0
241
0
0
0
102
0
172
0
0
0
0
0
0
0
0
0
0
0
0
0
0
0
0
18
0
0
0
137
379
0
0
2
0
0
0
0
0
0
0
0
99
0
0
0
0
3
18
0
0
0
1438
0
0
0
0
0
0
0
0
0
0
0
0
0
0
0
33
36
35
0
0
0
0
0
0
0
64
0
103
0
0
0
0
0
100
0
0
0
37
0
0
0
0
57
0
136
0
27
0
0
0
0
0
0
0
90
0
0
0
166
0
0
0
0
0
0
0
0
0
0
0
0
0
0
0
0
0
0
0
0
0
0
0
0
0
0
67
0
2
99
0
0
0
0
0
0
0
1184
0
0
0
0
0
0
0
0
0
0
0
393
19
0
0
0
31
29
0
0
0
0
7
0
90
0
0
146
0
0
90
0
6
0
0
71
0
0
0
0
0
236
0
31
0
126
0
86
0
51
0
74
63
103
46
0
1
0
0
0
0
14
0
57
96
0
0
146
62
0
65
75
0
103
0
0
0
75
0
0
138
0
0
36
98
0
0
91
0
64
91
29
0
1
64
75
0
0
0
23
0
0
0
0
63
0
0
0
0
0
0
80
0
63
