pt_graph tariff_per_day
935 1
935 1
935 1
939 1
939 1
939 1
1010 1
1010 1
1010 1
1080 1
1080 1
1080 1
1082 1
1082 1
1082 1
1152 1
1152 1
1152 1
1234 1
1234 1
1234 1
1235 1
1235 1
1235 1
1317 1
1317 1
1317 1
1318 1
1318 1
1318 1
1319 0.1
1319 0.1
1319 0.1
1404 1
1404 1
1404 1
1405 1
1405 1
1405 1
1498 1
1498 1
1498 1
1499 1
1499 1
1499 1
1500 1
1500 1
1500 1
1593 0.1
1593 0.1
1593 0.1
1802 2
1802 2
1802 2
1803 2
1803 2
1803 2
1804 2
1804 2
1804 2
1805 2
1805 2
1805 2
1884 2
1884 2
1884 2
1889 2
1889 2
1889 2
1890 2
1890 2
1890 2
1978 2
1978 2
1978 2
1989 2
1989 2
1989 2
2070 2
2070 2
2070 2
2079 2
2079 2
2079 2
2080 2
2080 2
2080 2
2081 2
2081 2
2081 2
2164 1
2164 1
2164 1
2167 1
2167 1
2167 1
2168 1
2168 1
2168 1
2169 2
2169 2
2169 2
2170 1
2170 1
2170 1
2171 1
2171 1
2171 1
2246 2
2246 2
2246 2
2251 1
2251 1
2251 1
2253 2
2253 2
2253 2
2254 1
2254 1
2254 1
2255 2
2255 2
2255 2
2256 2
2256 2
2256 2
2257 1
2257 1
2257 1
2335 2
2335 2
2335 2
2338 1
2338 1
2338 1
2339 2
2339 2
2339 2
2340 2
2340 2
2340 2
2341 2
2341 2
2341 2
2343 2
2343 2
2343 2
2424 1
2424 1
2424 1
2425 1
2425 1
2425 1
2427 1
2427 1
2427 1
2429 1
2429 1
2429 1
2509 1
2509 1
2509 1
2512 1
2512 1
2512 1
2514 2
2514 2
2514 2
2586 1
2586 1
2586 1
2587 1
2587 1
2587 1
2588 2
2588 2
2588 2
2594 1
2594 1
2594 1
2597 1
2597 1
2597 1
2600 2
2600 2
2600 2
2675 2
2675 2
2675 2
2676 1
2676 1
2676 1
2677 1
2677 1
2677 1
2680 1
2680 1
2680 1
2681 1
2681 1
2681 1
2684 2
2684 2
2684 2
2685 2
2685 2
2685 2
2686 1
2686 1
2686 1
2687 1
2687 1
2687 1
2688 1
2688 1
2688 1
2689 1
2689 1
2689 1
2764 2
2764 2
2764 2
2765 2
2765 2
2765 2
2766 2
2766 2
2766 2
2767 1
2767 1
2767 1
2768 2
2768 2
2768 2
2769 1
2769 1
2769 1
2770 2
2770 2
2770 2
2771 2
2771 2
2771 2
2772 2
2772 2
2772 2
2773 2
2773 2
2773 2
2774 2
2774 2
2774 2
2775 2
2775 2
2775 2
2776 1
2776 1
2776 1
2777 1
2777 1
2777 1
2778 1
2778 1
2778 1
2854 2
2854 2
2854 2
2855 2
2855 2
2855 2
2856 2
2856 2
2856 2
2857 2
2857 2
2857 2
2858 2
2858 2
2858 2
2859 2
2859 2
2859 2
2860 2
2860 2
2860 2
2861 2
2861 2
2861 2
2862 2
2862 2
2862 2
2863 2
2863 2
2863 2
2864 2
2864 2
2864 2
2957 2
2957 2
2957 2
2964 2
2964 2
2964 2
2965 2
2965 2
2965 2
3441 1
3441 1
3441 1
3442 1
3442 1
3442 1
3529 1
3529 1
3529 1
3591 1
3591 1
3591 1
3592 1
3592 1
3592 1
3593 1
3593 1
3593 1
3594 1
3594 1
3594 1
3607 1
3607 1
3607 1
3608 1
3608 1
3608 1
3615 1
3615 1
3615 1
3674 2
3674 2
3674 2
3675 2
3675 2
3675 2
3676 2
3676 2
3676 2
3677 2
3677 2
3677 2
3678 2
3678 2
3678 2
3679 1
3679 1
3679 1
3689 1
3689 1
3689 1
3692 1
3692 1
3692 1
3762 2
3762 2
3762 2
3763 2
3763 2
3763 2
3764 2
3764 2
3764 2
3765 2
3765 2
3765 2
3775 1
3775 1
3775 1
3778 1
3778 1
3778 1
3779 1
3779 1
3779 1
3795 1
3795 1
3795 1
3796 2
3796 2
3796 2
3845 2
3845 2
3845 2
3850 1
3850 1
3850 1
3852 1
3852 1
3852 1
3872 1
3872 1
3872 1
3873 1
3873 1
3873 1
3874 2
3874 2
3874 2
3876 2
3876 2
3876 2
3877 1
3877 1
3877 1
3883 2
3883 2
3883 2
3884 2
3884 2
3884 2
3886 1
3886 1
3886 1
3933 2
3933 2
3933 2
3935 2
3935 2
3935 2
3936 2
3936 2
3936 2
3937 2
3937 2
3937 2
3938 1
3938 1
3938 1
3939 1
3939 1
3939 1
3947 1
3947 1
3947 1
3961 1
3961 1
3961 1
3962 2
3962 2
3962 2
3963 1
3963 1
3963 1
3964 2
3964 2
3964 2
3969 2
3969 2
3969 2
3970 2
3970 2
3970 2
3972 2
3972 2
3972 2
3973 2
3973 2
3973 2
3974 2
3974 2
3974 2
3975 2
3975 2
3975 2
3976 1
3976 1
3976 1
3977 1
3977 1
3977 1
4025 1
4025 1
4025 1
4026 2
4026 2
4026 2
4027 2
4027 2
4027 2
4028 2
4028 2
4028 2
4029 1
4029 1
4029 1
4030 2
4030 2
4030 2
4050 1
4050 1
4050 1
4051 2
4051 2
4051 2
4052 1
4052 1
4052 1
4053 2
4053 2
4053 2
4055 1
4055 1
4055 1
4061 2
4061 2
4061 2
4064 2
4064 2
4064 2
4065 2
4065 2
4065 2
4066 1
4066 1
4066 1
4067 1
4067 1
4067 1
4114 1
4114 1
4114 1
4115 1
4115 1
4115 1
4116 1
4116 1
4116 1
4117 2
4117 2
4117 2
4118 2
4118 2
4118 2
4119 2
4119 2
4119 2
4120 2
4120 2
4120 2
4121 0.1
4121 0.1
4121 0.1
4126 1
4126 1
4126 1
4133 1
4133 1
4133 1
4136 1
4136 1
4136 1
4138 2
4138 2
4138 2
4139 2
4139 2
4139 2
4140 2
4140 2
4140 2
4142 1
4142 1
4142 1
4143 2
4143 2
4143 2
4144 1
4144 1
4144 1
4158 2
4158 2
4158 2
4159 2
4159 2
4159 2
4207 1
4207 1
4207 1
4209 1
4209 1
4209 1
4210 1
4210 1
4210 1
4212 2
4212 2
4212 2
4213 1
4213 1
4213 1
4214 2
4214 2
4214 2
4215 2
4215 2
4215 2
4219 1
4219 1
4219 1
4222 1
4222 1
4222 1
4224 1
4224 1
4224 1
4225 2
4225 2
4225 2
4226 2
4226 2
4226 2
4227 2
4227 2
4227 2
4228 1
4228 1
4228 1
4229 2
4229 2
4229 2
4230 1
4230 1
4230 1
4232 2
4232 2
4232 2
4233 1
4233 1
4233 1
4234 1
4234 1
4234 1
4251 1
4251 1
4251 1
4253 1
4253 1
4253 1
4305 2
4305 2
4305 2
4306 1
4306 1
4306 1
4310 1
4310 1
4310 1
4314 1
4314 1
4314 1
4315 1
4315 1
4315 1
4316 1
4316 1
4316 1
4322 1
4322 1
4322 1
4323 1
4323 1
4323 1
4326 1
4326 1
4326 1
4327 2
4327 2
4327 2
4328 1
4328 1
4328 1
4343 2
4343 2
4343 2
4344 2
4344 2
4344 2
4345 2
4345 2
4345 2
4401 1
4401 1
4401 1
4414 1
4414 1
4414 1
4416 1
4416 1
4416 1
4418 2
4418 2
4418 2
4434 2
4434 2
4434 2
4435 2
4435 2
4435 2
4436 2
4436 2
4436 2
4490 1
4490 1
4490 1
4496 1
4496 1
4496 1
4497 1
4497 1
4497 1
4502 1
4502 1
4502 1
4504 1
4504 1
4504 1
4524 2
4524 2
4524 2
4525 2
4525 2
4525 2
4590 1
4590 1
4590 1
4591 1
4591 1
4591 1
4612 2
4612 2
4612 2
4674 1
4674 1
4674 1
4676 1
4676 1
4676 1
4698 2
4698 2
4698 2
4699 2
4699 2
4699 2
4763 2
4763 2
4763 2
4764 1
4764 1
4764 1
4789 1
4789 1
4789 1
4850 1
4850 1
4850 1
4851 2
4851 2
4851 2
4853 1
4853 1
4853 1
4932 2
4932 2
4932 2
4935 2
4935 2
4935 2
5019 2
5019 2
5019 2
5100 2
5100 2
5100 2
9885 1
9885 1
9885 1
10066 1
10066 1
10066 1
